#CPU Status
#Time	Act	Idl	Oth	Tot
05:00:26	233304	5272	9352	247928
05:01:26	232608	5968	9352	247928
05:02:25	232608	5968	9352	247928
05:03:25	231576	7000	9352	247928
05:04:25	231576	7000	9352	247928
05:05:25	233544	5032	9352	247928
05:06:24	230856	7720	9352	247928
05:07:27	231024	7552	9352	247928
05:08:27	227976	10600	9352	247928
05:09:27	227976	10600	9352	247928
05:10:26	225840	12736	9352	247928
05:11:27	232560	6016	9352	247928
05:12:27	232416	6160	9352	247928
05:13:26	229296	9280	9352	247928
05:14:26	227640	10936	9352	247928
05:15:25	227688	10888	9352	247928
05:16:25	225504	13072	9352	247928
05:17:24	223032	15544	9352	247928
05:18:25	230712	7864	9352	247928
05:19:25	230184	8392	9352	247928
05:20:27	228816	9760	9352	247928
05:21:26	228432	10144	9352	247928
05:22:25	227712	10864	9352	247928
05:23:25	226176	12400	9352	247928
05:24:25	230712	7864	9352	247928
05:25:25	229800	8776	9352	247928
05:26:26	229944	8632	9352	247928
05:27:25	226344	12232	9352	247928
05:28:24	225288	13288	9352	247928
05:29:25	225816	12760	9352	247928
05:30:26	229128	9448	9352	247928
05:31:27	229632	8944	9352	247928
05:32:26	228216	10360	9352	247928
05:33:26	225000	13576	9352	247928
05:34:26	225432	13144	9352	247928
05:35:25	231960	6616	9352	247928
05:36:26	233424	5152	9352	247928
05:37:26	229944	8632	9352	247928
05:38:25	229944	8632	9352	247928
05:39:29	228936	9640	9352	247928
05:40:28	220080	18496	9352	247928
05:41:29	224952	13624	9352	247928
05:42:31	226872	11704	9352	247928
05:43:31	225840	12736	9352	247928
05:44:31	228096	10480	9352	247928
05:45:31	225936	12640	9352	247928
05:46:30	226680	11896	9352	247928
05:47:29	225096	13480	9352	247928
05:48:29	223536	15040	9352	247928
05:49:28	222456	16120	9352	247928
05:50:28	228744	9832	9352	247928
05:51:29	229128	9448	9352	247928
05:52:30	229248	9328	9352	247928
05:53:29	229128	9448	9352	247928
05:54:29	221712	16864	9352	247928
05:55:29	220800	17776	9352	247928
05:56:28	218496	20080	9352	247928
05:57:29	225720	12856	9352	247928
05:58:29	232656	5920	9352	247928
05:59:28	232056	6520	9352	247928
06:00:28	231912	6664	9352	247928
06:01:28	231240	7336	9352	247928
06:02:27	230544	8032	9352	247928
06:03:29	226920	11656	9352	247928
06:04:30	232608	5968	9352	247928
06:05:31	228288	10288	9352	247928
06:06:30	227040	11536	9352	247928
06:07:30	225648	12928	9352	247928
06:08:31	224328	14224	9376	247928
06:09:31	226968	11584	9376	247928
06:10:30	228264	10288	9376	247928
06:11:30	226152	12400	9376	247928
06:12:30	225384	13168	9376	247928
