#Node Status
#Time	Act	Idl	Oth	Tot
05:00:25	6873	155	213	7241
05:01:25	6844	184	213	7241
05:02:25	6844	184	213	7241
05:03:24	6809	219	213	7241
05:04:24	6809	219	213	7241
05:05:24	6919	109	213	7241
05:06:23	6866	162	213	7241
05:07:24	6840	188	213	7241
05:08:26	6705	323	213	7241
05:09:26	6673	355	213	7241
05:10:25	6584	444	213	7241
05:11:25	6847	181	213	7241
05:12:26	6881	147	213	7241
05:13:26	6742	286	213	7241
05:14:25	6643	385	213	7241
05:15:25	6639	389	213	7241
05:16:24	6566	462	213	7241
05:17:24	6488	540	213	7241
05:18:23	6783	245	213	7241
05:19:25	6767	261	213	7241
05:20:24	6728	300	213	7241
05:21:25	6680	348	213	7241
05:22:25	6648	380	213	7241
05:23:24	6616	412	213	7241
05:24:24	6809	219	213	7241
05:25:24	6779	249	213	7241
05:26:25	6765	263	213	7241
05:27:24	6642	386	213	7241
05:28:23	6575	453	213	7241
05:29:24	6580	448	213	7241
05:30:25	6723	305	213	7241
05:31:25	6729	299	213	7241
05:32:25	6683	345	213	7241
05:33:25	6573	455	213	7241
05:34:25	6563	465	213	7241
05:35:24	6826	202	213	7241
05:36:24	6911	117	213	7241
05:37:25	6872	156	213	7241
05:38:24	6759	269	213	7241
05:39:28	6707	321	213	7241
05:40:28	6362	666	213	7241
05:41:28	6609	419	213	7241
05:42:30	6702	326	213	7241
05:43:30	6686	342	213	7241
05:44:30	6687	341	213	7241
05:45:30	6611	417	213	7241
05:46:29	6619	409	213	7241
05:47:29	6575	453	213	7241
05:48:28	6516	512	213	7241
05:49:27	6466	562	213	7241
05:50:27	6701	327	213	7241
05:51:28	6783	245	213	7241
05:52:29	6714	314	213	7241
05:53:29	6701	327	213	7241
05:54:28	6650	378	213	7241
05:55:28	6392	636	213	7241
05:56:28	6262	766	213	7241
05:57:28	6572	456	213	7241
05:58:28	6905	123	213	7241
05:59:28	6861	167	213	7241
06:00:27	6853	175	213	7241
06:01:27	6831	197	213	7241
06:02:27	6821	207	213	7241
06:03:26	6627	401	213	7241
06:04:29	6870	158	213	7241
06:05:30	6730	298	213	7241
06:06:30	6650	378	213	7241
06:07:29	6552	476	213	7241
06:08:28	6497	530	214	7241
06:09:30	6607	420	214	7241
06:10:29	6661	366	214	7241
06:11:30	6620	407	214	7241
06:12:29	6541	486	214	7241
