# Wed Mar 30 18:14:13 CEST 2022
#CPU Status
#Time	Act	Idl	Oth	Tot
18:14:14	221956	16284	9688	247928
18:15:14	221692	16548	9688	247928
18:16:13	221692	16548	9688	247928
18:17:13	221572	16668	9688	247928
18:18:13	225100	13140	9688	247928
18:19:14	225914	12326	9688	247928
18:20:14	232442	5798	9688	247928
18:21:14	231386	6854	9688	247928
18:22:14	231386	6854	9688	247928
18:23:15	231266	6974	9688	247928
18:24:14	230978	7262	9688	247928
18:25:14	230330	7910	9688	247928
18:26:13	220298	17918	9712	247928
18:27:12	220202	18014	9712	247928
18:28:12	219866	18350	9712	247928
18:29:11	218162	20054	9712	247928
18:30:11	218090	20126	9712	247928
18:31:11	218402	19814	9712	247928
18:32:10	225914	12302	9712	247928
18:33:10	220874	17342	9712	247928
18:34:09	226250	11966	9712	247928
18:35:12	225434	12782	9712	247928
18:36:14	225170	13046	9712	247928
18:37:16	224954	13262	9712	247928
18:38:16	219194	19022	9712	247928
18:39:18	219050	19166	9712	247928
18:40:19	216602	21614	9712	247928
18:41:19	216290	21902	9736	247928
18:42:18	216026	22166	9736	247928
18:43:18	215714	22478	9736	247928
18:44:17	209762	28430	9736	247928
18:45:16	208946	29246	9736	247928
18:46:17	210722	27470	9736	247928
18:47:24	210146	28046	9736	247928
18:48:26	209858	28334	9736	247928
18:49:26	205610	32582	9736	247928
18:50:28	207746	30446	9736	247928
18:51:31	207866	30326	9736	247928
18:52:33	207986	30206	9736	247928
18:53:37	216578	21614	9736	247928
18:54:38	216578	21614	9736	247928
18:55:38	216578	21614	9736	247928
18:56:42	216434	21758	9736	247928
18:57:41	213314	24878	9736	247928
18:58:41	210122	28070	9736	247928
18:59:41	220130	18062	9736	247928
19:00:40	214178	24014	9736	247928
19:01:44	216554	21638	9736	247928
19:02:44	216698	21494	9736	247928
19:03:44	217418	20774	9736	247928
19:04:43	217058	21134	9736	247928
19:05:43	217010	21182	9736	247928
19:06:49	217082	21110	9736	247928
19:07:54	215930	22262	9736	247928
19:08:54	213170	25022	9736	247928
19:09:54	212018	26174	9736	247928
19:10:55	208490	29702	9736	247928
19:11:54	208058	30134	9736	247928
19:12:54	207650	30542	9736	247928
19:13:54	214226	23966	9736	247928
19:14:54	212738	25454	9736	247928
19:15:53	212618	25574	9736	247928
19:16:53	208586	29606	9736	247928
19:17:52	208346	29846	9736	247928
19:18:52	206978	31214	9736	247928
19:19:52	206378	31814	9736	247928
19:20:51	205202	32966	9760	247928
19:22:03	204242	33926	9760	247928
19:23:03	201434	36734	9760	247928
19:24:03	201290	36878	9760	247928
19:25:02	201266	36902	9760	247928
19:26:03	214610	23558	9760	247928
19:27:03	208778	29390	9760	247928
