# Wed Mar 30 18:14:13 CEST 2022
#Node Status
#Time	Act	Idl	Oth	Tot
18:14:14	6492	528	221	7241
18:15:13	6489	531	221	7241
18:16:12	6489	531	221	7241
18:17:12	6486	534	221	7241
18:18:12	6629	391	221	7241
18:19:13	6639	381	221	7241
18:20:13	6908	112	221	7241
18:21:13	6895	125	221	7241
18:22:14	6863	157	221	7241
18:23:14	6863	157	221	7241
18:24:14	6860	160	221	7241
18:25:13	6848	172	221	7241
18:26:12	6652	367	222	7241
18:27:12	6394	625	222	7241
18:28:11	6390	629	222	7241
18:29:11	6385	634	222	7241
18:30:10	6319	700	222	7241
18:31:10	6321	698	222	7241
18:32:09	6640	379	222	7241
18:33:09	6448	571	222	7241
18:34:08	6656	363	222	7241
18:35:08	6658	361	222	7241
18:36:14	6618	401	222	7241
18:37:15	6611	408	222	7241
18:38:15	6371	648	222	7241
18:39:15	6363	656	222	7241
18:40:19	6262	757	222	7241
18:41:18	6253	765	223	7241
18:42:17	6248	770	223	7241
18:43:17	6241	777	223	7241
18:44:16	6249	769	223	7241
18:45:16	5981	1037	223	7241
18:46:15	6025	993	223	7241
18:47:23	6029	989	223	7241
18:48:23	5987	1031	223	7241
18:49:26	6078	940	223	7241
18:50:27	6182	836	223	7241
18:51:30	6181	837	223	7241
18:52:31	6183	835	223	7241
18:53:32	6541	477	223	7241
18:54:36	6541	477	223	7241
18:55:37	6542	476	223	7241
18:56:41	6541	477	223	7241
18:57:40	6406	612	223	7241
18:58:40	6400	618	223	7241
18:59:40	6659	359	223	7241
19:00:39	6435	583	223	7241
19:01:42	6420	598	223	7241
19:02:43	6427	591	223	7241
19:03:43	6466	552	223	7241
19:04:43	6459	559	223	7241
19:05:42	6455	563	223	7241
19:06:48	6453	565	223	7241
19:07:53	6413	605	223	7241
19:08:53	6300	718	223	7241
19:09:53	6292	726	223	7241
19:10:53	6093	925	223	7241
19:11:53	6074	944	223	7241
19:12:53	6057	961	223	7241
19:13:53	6149	869	223	7241
19:14:53	6096	922	223	7241
19:15:52	6093	925	223	7241
19:16:52	5931	1087	223	7241
19:17:51	5925	1093	223	7241
19:18:51	5900	1118	223	7241
19:19:51	5883	1135	223	7241
19:20:51	5862	1155	224	7241
19:22:03	5818	1199	224	7241
19:23:02	5712	1305	224	7241
19:24:02	5707	1310	224	7241
19:25:02	5705	1312	224	7241
19:26:01	6251	766	224	7241
19:27:02	5986	1031	224	7241
