#CPU Status
#Time	Act	Idl	Oth	Tot
17:00:18	235944	4024	7960	247928
17:01:19	235296	4672	7960	247928
17:02:19	235224	4744	7960	247928
17:03:21	234624	5344	7960	247928
17:04:20	232008	7936	7984	247928
17:05:22	231408	8536	7984	247928
17:06:22	230954	8990	7984	247928
17:07:21	230858	9086	7984	247928
17:08:21	223250	16694	7984	247928
17:09:22	224354	15614	7960	247928
17:10:21	234410	5558	7960	247928
17:11:21	232634	7334	7960	247928
17:12:20	232586	7382	7960	247928
17:13:22	229010	10958	7960	247928
17:14:24	227234	12734	7960	247928
17:15:24	227474	12494	7960	247928
17:16:24	228386	11582	7960	247928
17:17:23	228170	11798	7960	247928
17:18:22	227978	11990	7960	247928
17:19:22	234674	5294	7960	247928
17:20:21	236330	3638	7960	247928
17:21:24	235010	4958	7960	247928
17:22:25	235418	4550	7960	247928
17:23:24	235274	4694	7960	247928
17:24:24	233186	6758	7984	247928
17:25:24	232178	7766	7984	247928
17:26:23	232178	7718	8032	247928
17:27:23	232154	7742	8032	247928
17:28:24	233882	6014	8032	247928
17:29:26	233186	6710	8032	247928
17:30:36	232898	6998	8032	247928
17:31:38	232970	6926	8032	247928
17:32:38	232154	7742	8032	247928
17:33:37	231986	7910	8032	247928
17:34:38	233378	6494	8056	247928
17:35:37	233018	6854	8056	247928
17:36:37	232514	7358	8056	247928
17:37:37	232130	7742	8056	247928
17:38:38	231242	8630	8056	247928
17:39:38	230834	9038	8056	247928
17:40:40	225674	14198	8056	247928
17:41:40	232298	7574	8056	247928
17:42:40	234602	5270	8056	247928
17:43:40	234650	5222	8056	247928
17:44:40	234362	5510	8056	247928
17:45:40	233954	5918	8056	247928
17:46:41	232826	7046	8056	247928
17:47:43	232730	7142	8056	247928
17:48:42	232610	7262	8056	247928
17:49:42	232634	7238	8056	247928
17:50:42	232250	7622	8056	247928
17:51:42	234458	5414	8056	247928
17:52:41	234530	5342	8056	247928
17:53:41	231026	8846	8056	247928
17:54:42	230906	8966	8056	247928
17:55:42	230834	9038	8056	247928
17:56:43	229826	10046	8056	247928
17:57:45	229346	10526	8056	247928
17:58:44	232130	7742	8056	247928
17:59:44	231986	7886	8056	247928
18:00:45	236546	3326	8056	247928
18:01:46	236354	3518	8056	247928
18:02:46	235442	4406	8080	247928
18:03:45	227498	12230	8200	247928
18:04:45	226922	12782	8224	247928
18:05:44	229034	10670	8224	247928
18:06:45	228818	10886	8224	247928
18:07:45	228626	11078	8224	247928
18:08:44	229130	10574	8224	247928
18:09:43	228962	10670	8296	247928
18:10:44	235154	4478	8296	247928
18:11:44	235154	4478	8296	247928
18:12:45	235010	4622	8296	247928
18:13:45	234698	4934	8296	247928
18:14:45	234482	5150	8296	247928
18:15:44	233834	5798	8296	247928
18:16:43	233786	5846	8296	247928
18:17:44	233258	6374	8296	247928
18:18:44	234386	5246	8296	247928

