#Node Status
#Time	Act	Idl	Oth	Tot
17:00:18	6955	123	163	7241
17:01:18	6951	127	163	7241
17:02:17	6920	158	163	7241
17:03:19	6917	161	163	7241
17:04:19	6878	199	164	7241
17:05:19	6854	223	164	7241
17:06:21	6849	228	164	7241
17:07:21	6846	231	164	7241
17:08:20	6516	561	164	7241
17:09:20	6533	545	163	7241
17:10:21	6944	134	163	7241
17:11:20	6909	169	163	7241
17:12:20	6875	203	163	7241
17:13:19	6723	355	163	7241
17:14:23	6674	404	163	7241
17:15:23	6675	403	163	7241
17:16:23	6689	389	163	7241
17:17:22	6687	391	163	7241
17:18:22	6684	394	163	7241
17:19:21	6911	167	163	7241
17:20:21	6991	87	163	7241
17:21:22	6947	131	163	7241
17:22:24	6946	132	163	7241
17:23:23	6946	132	163	7241
17:24:23	6853	224	164	7241
17:25:23	6831	246	164	7241
17:26:22	6829	246	166	7241
17:27:22	6832	243	166	7241
17:28:23	6909	166	166	7241
17:29:25	6904	171	166	7241
17:30:35	6896	179	166	7241
17:31:35	6888	187	166	7241
17:32:37	6851	224	166	7241
17:33:37	6844	231	166	7241
17:34:36	6898	176	167	7241
17:35:36	6898	176	167	7241
17:36:36	6874	200	167	7241
17:37:36	6866	208	167	7241
17:38:38	6846	228	167	7241
17:39:37	6837	237	167	7241
17:40:39	6856	218	167	7241
17:41:39	6871	203	167	7241
17:42:39	6916	158	167	7241
17:43:40	6919	155	167	7241
17:44:39	6914	160	167	7241
17:45:39	6903	171	167	7241
17:46:39	6881	193	167	7241
17:47:42	6873	201	167	7241
17:48:41	6865	209	167	7241
17:49:41	6864	210	167	7241
17:50:41	6860	214	167	7241
17:51:41	6955	119	167	7241
17:52:40	6955	119	167	7241
17:53:40	6911	163	167	7241
17:54:41	6946	128	167	7241
17:55:41	6940	134	167	7241
17:56:42	6879	195	167	7241
17:57:42	6870	204	167	7241
17:58:43	6931	143	167	7241
17:59:43	6932	142	167	7241
18:00:44	6993	81	167	7241
18:01:44	6987	87	167	7241
18:02:45	6972	101	168	7241
18:03:44	6837	231	173	7241
18:04:44	6763	304	174	7241
18:05:43	6752	315	174	7241
18:06:43	6737	330	174	7241
18:07:44	6734	333	174	7241
18:08:43	6741	326	174	7241
18:09:43	6736	330	175	7241
18:10:43	6933	133	175	7241
18:11:43	6933	133	175	7241
18:12:45	6930	136	175	7241
18:13:44	6923	143	175	7241
18:14:44	6913	153	175	7241
18:15:43	6901	165	175	7241
18:16:43	6898	168	175	7241
18:17:43	6878	188	175	7241
18:18:43	6922	144	175	7241
