#Node Status
#Time	Act	Idl	Oth	Tot
17:06:44	6719	326	196	7241
17:07:46	6960	85	196	7241
17:08:45	6950	95	196	7241
17:09:46	6946	99	196	7241
17:10:47	6976	69	196	7241
17:11:47	6966	79	196	7241
17:12:46	6965	80	196	7241
17:13:48	6954	91	196	7241
17:14:48	6904	141	196	7241
17:15:47	6853	192	196	7241
17:16:47	6888	157	196	7241
17:17:46	6867	178	196	7241
17:18:45	6833	212	196	7241
17:19:45	6682	363	196	7241
17:20:45	6634	410	197	7241
17:21:45	6973	71	197	7241
17:22:45	6860	184	197	7241
17:23:44	6659	385	197	7241
17:24:43	6581	462	198	7241
17:25:43	6580	463	198	7241
17:26:43	6511	532	198	7241
17:27:43	6492	551	198	7241
17:28:42	6706	337	198	7241
17:29:43	6586	457	198	7241
17:30:46	6582	461	198	7241
17:31:46	6556	487	198	7241
17:32:48	6968	75	198	7241
17:33:47	6959	84	198	7241
17:34:47	6953	90	198	7241
17:35:46	6952	91	198	7241
17:36:47	6961	82	198	7241
17:37:49	6948	95	198	7241
17:38:48	6934	109	198	7241
17:39:48	6808	235	198	7241
17:40:47	6805	238	198	7241
17:41:48	6965	78	198	7241
17:42:47	6936	107	198	7241
17:43:46	6934	109	198	7241
17:44:46	6888	155	198	7241
17:45:46	6789	254	198	7241
17:46:46	6769	274	198	7241
17:47:46	6738	305	198	7241
17:48:45	6694	349	198	7241
17:49:45	6636	407	198	7241
17:50:45	6788	255	198	7241
17:51:45	6733	310	198	7241
17:52:45	6599	444	198	7241
17:53:45	6546	497	198	7241
17:54:44	6533	510	198	7241
17:55:44	6443	600	198	7241
17:56:44	6516	527	198	7241
17:57:43	6516	527	198	7241
17:58:43	6758	285	198	7241
17:59:43	6760	283	198	7241
18:00:42	6637	406	198	7241
18:01:41	6565	478	198	7241
18:02:41	6659	384	198	7241
18:03:40	6513	530	198	7241
18:04:40	6487	556	198	7241
18:05:40	6756	287	198	7241
18:06:40	6737	306	198	7241
18:07:39	6678	365	198	7241
18:08:39	6603	440	198	7241
18:09:39	6647	396	198	7241
18:10:39	6533	510	198	7241
18:11:39	6519	524	198	7241
18:12:39	6518	525	198	7241
18:13:41	6547	496	198	7241
18:14:41	6514	529	198	7241
18:15:40	6486	557	198	7241
18:16:40	6460	583	198	7241
18:17:39	6537	506	198	7241
18:18:39	6481	562	198	7241

