#CPU Status
#Time	Act	Idl	Oth	Tot
17:06:47	236406	2578	8944	247928
17:07:47	235974	3010	8944	247928
17:08:47	235398	3586	8944	247928
17:09:47	235062	3922	8944	247928
17:10:48	236094	2890	8944	247928
17:11:47	235638	3346	8944	247928
17:12:47	235758	3226	8944	247928
17:13:49	234462	4522	8944	247928
17:14:48	233118	5866	8944	247928
17:15:48	232710	6274	8944	247928
17:16:47	233670	5314	8944	247928
17:17:47	233766	5218	8944	247928
17:18:46	232638	6346	8944	247928
17:19:46	229110	9874	8944	247928
17:20:45	227790	11170	8968	247928
17:21:46	235926	3034	8968	247928
17:22:45	231654	7306	8968	247928
17:23:44	227934	11026	8968	247928
17:24:44	226830	12106	8992	247928
17:25:45	226782	12154	8992	247928
17:26:44	225054	13882	8992	247928
17:27:44	224646	14290	8992	247928
17:28:43	226566	12370	8992	247928
17:29:44	226902	12034	8992	247928
17:30:47	226806	12130	8992	247928
17:31:47	226110	12826	8992	247928
17:32:49	236022	2914	8992	247928
17:33:48	234942	3994	8992	247928
17:34:48	235254	3682	8992	247928
17:35:47	235278	3658	8992	247928
17:36:50	235158	3778	8992	247928
17:37:50	235206	3730	8992	247928
17:38:49	234870	4066	8992	247928
17:39:48	231702	7234	8992	247928
17:40:49	231774	7162	8992	247928
17:41:48	235614	3322	8992	247928
17:42:48	234654	4282	8992	247928
17:43:47	234630	4306	8992	247928
17:44:47	233430	5506	8992	247928
17:45:47	230934	8002	8992	247928
17:46:47	229398	9538	8992	247928
17:47:46	227790	11146	8992	247928
17:48:46	227142	11794	8992	247928
17:49:45	226326	12610	8992	247928
17:50:46	229854	9082	8992	247928
17:51:46	227046	11890	8992	247928
17:52:46	222918	16018	8992	247928
17:53:46	222078	16858	8992	247928
17:54:45	221910	17026	8992	247928
17:55:45	219318	19618	8992	247928
17:56:44	224646	14290	8992	247928
17:57:44	223902	15034	8992	247928
17:58:43	230454	8482	8992	247928
17:59:43	230406	8530	8992	247928
18:00:43	225270	13666	8992	247928
18:01:42	224454	14482	8992	247928
18:02:42	223614	15322	8992	247928
18:03:41	223254	15682	8992	247928
18:04:41	222486	16450	8992	247928
18:05:41	229350	9586	8992	247928
18:06:41	228366	10570	8992	247928
18:07:40	227574	11362	8992	247928
18:08:40	223542	15394	8992	247928
18:09:39	223974	14962	8992	247928
18:10:40	223686	15250	8992	247928
18:11:39	223278	15658	8992	247928
18:12:40	223422	15514	8992	247928
18:13:42	223278	15658	8992	247928
18:14:42	222726	16210	8992	247928
18:15:41	222078	16858	8992	247928
18:16:41	221406	17530	8992	247928
18:17:40	222558	16378	8992	247928
18:18:40	221550	17386	8992	247928
