# Mon Mar 28 16:59:45 CEST 2022
#CPU Status
#Time	Act	Idl	Oth	Tot
16:59:47	233094	7570	7912	248576
17:00:47	232998	7666	7912	248576
17:01:46	232782	7858	7936	248576
17:02:46	231510	8338	8080	247928
17:03:45	231198	8626	8104	247928
17:04:44	231126	8698	8104	247928
17:05:45	234798	5002	8128	247928
17:06:45	234750	5050	8128	247928
17:07:44	234582	5218	8128	247928
17:08:44	234462	5338	8128	247928
17:09:43	234030	5770	8128	247928
17:10:44	235374	4378	8176	247928
17:11:43	234702	5050	8176	247928
17:12:44	234678	5050	8200	247928
17:13:44	233814	5914	8200	247928
17:14:44	234126	5578	8224	247928
17:15:44	233550	6154	8224	247928
17:16:44	235182	4522	8224	247928
17:17:43	235038	4666	8224	247928
17:18:44	231990	7714	8224	247928
17:19:43	231294	8386	8248	247928
17:20:43	230814	8866	8248	247928
17:21:42	230694	8986	8248	247928
17:22:41	229736	9944	8248	247928
17:23:41	229638	10042	8248	247928
17:24:43	233982	5698	8248	247928
17:25:47	233238	6442	8248	247928
17:26:47	234294	5386	8248	247928
17:27:49	233934	5698	8296	247928
17:28:48	231366	8266	8296	247928
17:29:49	231822	7810	8296	247928
17:30:48	231798	7834	8296	247928
17:31:48	230742	8890	8296	247928
17:32:47	230670	8962	8296	247928
17:33:47	230358	9250	8320	247928
17:34:47	230334	9274	8320	247928
17:35:48	231126	8482	8320	247928
17:36:48	232758	6850	8320	247928
17:37:53	233718	5890	8320	247928
17:38:55	233478	6130	8320	247928
17:39:54	233166	6442	8320	247928
17:40:54	231750	7858	8320	247928
17:42:02	234318	5290	8320	247928
17:43:01	234486	5122	8320	247928
17:44:01	234486	5122	8320	247928
17:45:00	235014	4594	8320	247928
17:46:02	235014	4594	8320	247928
17:47:03	235062	4546	8320	247928
17:48:03	234942	4666	8320	247928
17:49:03	234534	5074	8320	247928
17:50:02	231558	8050	8320	247928
17:51:02	232422	7186	8320	247928
17:52:02	232014	7594	8320	247928
17:53:01	231798	7810	8320	247928
17:54:02	233646	5962	8320	247928
17:55:02	233862	5746	8320	247928
17:56:01	233406	6202	8320	247928
17:57:01	232686	6922	8320	247928
17:58:03	231558	8050	8320	247928
17:59:05	231198	8410	8320	247928
18:00:14	231030	8578	8320	247928
18:01:14	230862	8722	8344	247928
18:02:13	230886	8698	8344	247928
18:03:12	230886	8698	8344	247928
18:04:15	230814	8770	8344	247928
18:05:15	232758	6826	8344	247928
18:06:15	232470	7114	8344	247928
18:07:15	231702	7882	8344	247928
18:08:14	231582	8002	8344	247928
18:09:14	232350	7234	8344	247928
18:10:14	231438	8146	8344	247928
18:11:13	229686	9874	8368	247928
18:12:15	230862	8698	8368	247928
18:13:15	230646	8842	8440	247928
18:14:14	230982	8506	8440	247928
18:15:17	229110	10378	8440	247928
18:16:17	231750	7738	8440	247928
18:17:18	232254	7234	8440	247928
18:18:19	232446	7042	8440	247928
18:19:22	232230	7258	8440	247928
18:20:22	232734	6754	8440	247928
18:21:21	232710	6778	8440	247928
18:22:25	232542	6946	8440	247928
18:23:24	232542	6946	8440	247928
18:24:24	232542	6946	8440	247928
