# Mon Mar 28 16:59:45 CEST 2022
#Node Status
#Time	Act	Idl	Oth	Tot
16:59:46	6882	207	161	7250
17:00:46	6876	213	161	7250
17:01:46	6870	218	162	7250
17:02:45	6818	255	168	7241
17:03:44	6806	266	169	7241
17:04:44	6804	268	169	7241
17:05:44	6957	114	170	7241
17:06:44	6957	114	170	7241
17:07:44	6953	118	170	7241
17:08:43	6950	121	170	7241
17:09:43	6937	134	170	7241
17:10:42	6963	106	172	7241
17:11:43	6944	125	172	7241
17:12:43	6932	136	173	7241
17:13:43	6926	142	173	7241
17:14:43	6909	158	174	7241
17:15:43	6901	166	174	7241
17:16:43	6951	116	174	7241
17:17:42	6927	140	174	7241
17:18:43	6814	253	174	7241
17:19:42	6798	268	175	7241
17:20:42	6779	287	175	7241
17:21:41	6772	294	175	7241
17:22:41	6770	296	175	7241
17:23:40	6751	315	175	7241
17:24:41	6885	181	175	7241
17:25:46	6868	198	175	7241
17:26:46	6904	162	175	7241
17:27:48	6888	176	177	7241
17:28:47	6849	215	177	7241
17:29:48	6832	232	177	7241
17:30:47	6820	244	177	7241
17:31:47	6789	275	177	7241
17:32:47	6783	281	177	7241
17:33:46	6754	309	178	7241
17:34:46	6721	342	178	7241
17:35:46	6765	298	178	7241
17:36:47	6892	171	178	7241
17:37:50	6900	163	178	7241
17:38:54	6904	159	178	7241
17:39:54	6877	186	178	7241
17:40:53	6864	199	178	7241
17:41:52	6892	171	178	7241
17:43:01	6893	170	178	7241
17:44:00	6892	171	178	7241
17:45:00	6916	147	178	7241
17:46:01	6937	126	178	7241
17:47:02	6946	117	178	7241
17:48:02	6931	132	178	7241
17:49:02	6918	145	178	7241
17:50:01	6876	187	178	7241
17:51:01	6844	219	178	7241
17:52:01	6835	228	178	7241
17:53:00	6828	235	178	7241
17:54:00	6879	184	178	7241
17:55:01	6909	154	178	7241
17:56:01	6884	179	178	7241
17:57:00	6849	214	178	7241
17:58:00	6830	233	178	7241
17:59:02	6808	255	178	7241
18:00:04	6798	265	178	7241
18:01:13	6794	268	179	7241
18:02:12	6794	268	179	7241
18:03:12	6794	268	179	7241
18:04:14	6791	271	179	7241
18:05:13	6839	223	179	7241
18:06:15	6863	199	179	7241
18:07:14	6822	240	179	7241
18:08:14	6803	259	179	7241
18:09:13	6833	229	179	7241
18:10:13	6798	264	179	7241
18:11:13	6766	295	180	7241
18:12:14	6785	276	180	7241
18:13:14	6758	302	181	7241
18:14:13	6742	318	181	7241
18:15:16	6714	346	181	7241
18:16:16	6847	213	181	7241
18:17:17	6862	198	181	7241
18:18:17	6870	190	181	7241
18:19:19	6858	202	181	7241
18:20:21	6864	196	181	7241
18:21:21	6863	197	181	7241
18:22:22	6865	195	181	7241
18:23:24	6861	199	181	7241
18:24:23	6861	199	181	7241

